RESULTS:


patrick@arch-pc:~/Documents/AI Project 2$ python bayesian.py 
Initialization
-----------------------------------------------------------------------------------------------------------------
 Step |   Time |      Value |        co |        de |        fr |        ma |        mo |        nm |        sm | 
    1 | 43m25s | 1161.00000 |   -0.3942 |    0.4224 |    5.0772 |    0.5221 |    1.3682 |   -0.8663 |   -0.1306 | 
    2 | 37m01s | 1063.00000 |    0.3649 |    0.7462 |    2.6322 |    0.0600 |    1.2458 |    0.8705 |   -0.0964 | 
    3 | 44m39s | 1181.00000 |    0.1446 |    0.1482 |    5.9564 |    0.6536 |    1.0260 |    0.4066 |    0.7790 | 
    4 | 20m42s |  905.00000 |    0.9948 |   -0.3227 |    5.9962 |    1.6397 |    0.9549 |    0.4722 |    0.0769 | 
    5 | 16m38s |  886.00000 |    0.5801 |   -0.6525 |    4.9690 |    0.8965 |    0.6420 |    0.0816 |    0.8018 | 
    6 | 27m53s |  964.00000 |   -0.3502 |    0.5497 |    2.3432 |    0.2649 |    0.1090 |   -0.5566 |    0.0915 | 
Bayesian Optimization
-----------------------------------------------------------------------------------------------------------------
 Step |   Time |      Value |        co |        de |        fr |        ma |        mo |        nm |        sm | 
    7 | 37m43s | 1063.00000 |   -0.2696 |    0.8166 |    5.4562 |    0.3275 |    1.3053 |    0.2508 |    0.3429 | 
    8 | 42m19s | 1122.00000 |    0.0769 |    0.1608 |    5.9409 |    0.6736 |    1.0905 |    0.1975 |    0.6423 | 
    9 | 45m39s | 1220.00000 |    0.2196 |    0.2028 |    5.8768 |    0.6232 |    0.9669 |    0.6719 |    0.8685 | 
   10 | 48m14s | 1043.00000 |    0.2413 |    0.2302 |    5.8385 |    0.6172 |    0.9541 |    0.7475 |    0.8764 | 
   11 | 37m30s | 1102.00000 |    0.1999 |    0.1586 |    5.8961 |    0.6321 |    0.9775 |    0.5741 |    0.8557 | 
   12 | 44m56s | 1083.00000 |    0.1991 |    0.2360 |    5.9085 |    0.6245 |    0.9877 |    0.6576 |    0.8412 | 
   13 | 40m23s | 1024.00000 |    0.2260 |    0.1832 |    5.8654 |    0.6241 |    0.9595 |    0.6653 |    0.8779 | 
   14 | 39m30s | 1063.00000 |    0.2170 |    0.2173 |    5.8803 |    0.6222 |    0.9709 |    0.6807 |    0.8625 | 
   15 | 44m19s | 1083.00000 |    0.2107 |    0.1998 |    5.8907 |    0.6257 |    0.9738 |    0.6472 |    0.8606 | 
   16 | 35m09s | 1083.00000 |    0.2200 |    0.2013 |    5.8765 |    0.6233 |    0.9665 |    0.6712 |    0.8692 | 
   17 | 33m28s | 1024.00000 |    0.1559 |    0.0028 |    5.9621 |    0.7389 |    0.9539 |    0.4144 |    0.7006 | 
   18 | 11m25s |  945.00000 |    0.6627 |   -0.6814 |    4.9863 |    0.9105 |    0.4232 |    0.1807 |    0.8102 | 
   19 | 39m06s | 1063.00000 |    0.4384 |    0.1758 |    5.9564 |    0.5859 |    0.8905 |    0.6182 |    0.9564 | 
   20 | 12m15s |  925.00000 |    0.7341 |   -0.5389 |    5.0220 |    1.0419 |    0.4013 |    0.1058 |    0.6553 | 
   21 | 09m41s |  984.00000 |    0.8481 |   -0.6506 |    5.0337 |    1.1896 |    0.5261 |    0.1794 |    0.6710 | 
   22 | 34m11s | 1063.00000 |    0.1498 |    0.2603 |    5.8542 |    0.6966 |    1.0692 |    0.2413 |    0.5083 | 
   23 | 31m25s | 1043.00000 |    0.2413 |    0.0149 |    5.7219 |    0.7016 |    0.9154 |    0.7152 |    0.9497 | 
   24 | 13m50s |  964.00000 |    0.6218 |   -0.5974 |    4.9507 |    0.7967 |    0.6254 |    0.1416 |    0.7489 | 
   25 | 11m14s |  945.00000 |    0.8449 |   -0.7035 |    5.1295 |    1.2864 |    0.7227 |    0.0688 |    0.7215 | 
   26 | 37m22s |  984.00000 |    0.3519 |    0.3360 |    5.7862 |    0.6534 |    1.0807 |    0.8183 |    0.8286 | 
   27 | 30m34s |  945.00000 |    0.5060 |    0.1747 |    5.9769 |    0.5397 |    0.8119 |    0.6022 |    0.9933 | 
   28 | 13m59s |  925.00000 |    0.8549 |   -0.7975 |    5.1295 |    1.1733 |    0.5942 |    0.0469 |    0.7147 | 
   29 | 11m59s |  905.00000 |    0.8605 |   -0.6100 |    5.0486 |    1.1648 |    0.5210 |    0.1473 |    0.5036 | 
   30 | 32m04s | 1043.00000 |    0.2115 |   -0.0260 |    5.8371 |    0.6031 |    0.9309 |    0.4033 |    0.7720 | 
   31 | 13m15s |  905.00000 |    0.7371 |   -0.6276 |    5.1411 |    1.0162 |    0.4808 |    0.0986 |    0.6058 | 
   32 | 12m09s |  925.00000 |    0.9251 |   -0.6727 |    5.1539 |    1.2423 |    0.5965 |    0.2001 |    0.3700 | 
   33 | 12m14s |  905.00000 |    0.9354 |   -0.7249 |    5.1149 |    1.1205 |    0.6503 |    0.3044 |    0.3827 | 
   34 | 15m28s |  945.00000 |    0.8070 |   -0.6812 |    5.1053 |    1.2553 |    0.7466 |   -0.0674 |    0.6256 | 
   35 | 40m41s | 1083.00000 |    0.0182 |    0.1129 |    5.8403 |    0.5994 |    0.9269 |    0.1148 |    0.6488 | 
   36 | 12m24s |  866.00000 |    0.7255 |   -0.6173 |    4.9040 |    0.6962 |    0.5251 |   -0.0171 |    0.7211 | 
   37 | 38m51s | 1122.00000 |    0.1546 |   -0.0504 |    5.7524 |    0.6407 |    1.0521 |    0.4635 |    0.7329 | 
   38 | 34m02s | 1043.00000 |    0.2060 |    0.0208 |    5.8655 |    0.6843 |    0.8956 |    0.1423 |    0.6706 | 
   39 | 28m10s | 1024.00000 |   -0.1506 |    0.7678 |    5.3774 |    0.3443 |    1.2874 |    0.0748 |    0.3254 | 
   40 | 34m21s |  984.00000 |    0.2423 |    0.0519 |    5.8643 |    0.5466 |    0.9672 |    0.2810 |    0.9453 | 
   41 | 57m04s | 1280.00000 |   -0.3503 |    0.4913 |    5.1196 |    0.6670 |    1.3401 |   -0.7142 |   -0.0680 | 
   42 | 35m04s | 1161.00000 |    0.5060 |    0.1747 |    5.9769 |    0.5397 |    0.8119 |    0.6022 |    0.9933 | 
   43 | 15m02s | 1004.00000 |   -0.9473 |   -0.4988 |    5.0441 |    1.4700 |    1.9455 |   -0.2155 |   -0.3313 | 
   44 | 09m48s |  964.00000 |    0.0377 |   -0.9679 |    4.6149 |    0.7114 |    0.6346 |   -0.2219 |    0.9010 | 
   45 | 51m35s | 1122.00000 |   -0.6807 |    0.2466 |    3.9011 |    0.8677 |    1.2077 |   -0.5784 |    0.6927 | 
   46 | 11m34s |  925.00000 |   -0.6135 |   -0.6868 |    2.2111 |    0.6722 |    0.8242 |   -0.2094 |   -0.1661 | 
   47 | 12m12s |  945.00000 |    0.4627 |   -0.8458 |    4.0317 |    0.8676 |    1.7663 |   -0.8386 |   -0.6900 | 
   48 | 46m25s | 1161.00000 |   -0.8475 |    0.4041 |    2.5550 |    0.2829 |    0.9461 |    0.9229 |    0.6050 | 
   49 | 12m56s |  945.00000 |   -0.4588 |   -0.7689 |    2.7033 |    0.0470 |    1.8519 |    0.9869 |    0.5552 | 
   50 | 07m37s | 1004.00000 |    0.1468 |   -0.7146 |    2.0085 |    1.7492 |    0.7507 |    0.7363 |    0.5359 | 
   51 | 20m24s |  964.00000 |    0.1086 |    0.1204 |    3.8036 |    0.7667 |    0.0260 |    0.5641 |   -0.3575 | 
   52 | 16m32s |  905.00000 |   -0.2379 |   -0.2240 |    2.5508 |    0.5472 |    0.4663 |    0.7599 |   -0.1315 | 
   53 | 38m18s | 1083.00000 |   -0.4979 |    0.8000 |    3.7792 |    0.9872 |    1.2342 |   -0.9201 |    0.9603 | 
   54 | 43m56s | 1181.00000 |    0.5518 |    0.3427 |    3.3428 |    1.2843 |    0.4565 |   -0.8184 |    0.3219 | 
   55 | 35m29s | 1043.00000 |   -0.4297 |    0.6110 |    4.5397 |    1.2104 |    1.7682 |   -0.9761 |    0.7175 | 
   56 | 12m19s |  846.00000 |   -0.1229 |   -0.8747 |    4.1081 |    1.4481 |    0.9731 |   -0.4843 |   -0.5429 | 
RESULTS
{'max_val': 1280, 'max_params': {'fr': 5.1196495268071587, 'ma': 0.66702640075918174, 'nm': -0.71420384633906697, 'mo': 1.3400774762535037, 'de': 0.49129756378253076, 'sm': -0.068015677962770082, 'co': -0.35028640670441247}}






patrick@arch-pc:~/Documents/AI Project 2$ python bayesian.py
Initialization
-----------------------------------------------------------------------------------------
 Step |   Time |      Value |        de |        fr |        ma |        mo |        sm | 
[512, 1024, 1024, 512, 256, 1024, 512, 512, 2048, 1024, 1024, 512, 1024, 1024, 1024, 1024, 512, 1024, 2048, 1024, 1024, 1024, 1024, 1024, 1024, 512]
    1 | 102m25s |  935.00000 |    0.2000 |    3.0000 |    1.0000 |    1.0000 |    0.1000 | 
[1024, 512, 1024, 1024, 256, 1024, 1024, 1024, 1024, 1024, 1024, 2048, 512, 1024, 1024, 1024, 1024, 1024, 1024, 1024, 512, 512, 1024, 128, 1024, 1024]
    2 | 103m35s |  920.00000 |    0.9625 |    3.1119 |    1.6314 |    1.7409 |    0.8973 | 
[512, 256, 512, 256, 512, 1024, 256, 256, 512, 256, 256, 512, 256, 512, 512, 256, 512, 512, 512, 512, 512, 256, 512, 256, 256, 512]
    3 | 50m26s |  423.00000 |   -0.2786 |    3.5696 |    1.5584 |    0.4480 |    0.9133 | 
[1024, 512, 512, 1024, 1024, 1024, 512, 2048, 256, 1024, 512, 512, 512, 1024, 1024, 1024, 512, 1024, 512, 1024, 512, 1024, 512, 512, 1024, 1024]
    4 | 85m07s |  817.00000 |    0.8814 |    2.8397 |    1.5110 |    1.5192 |   -0.6157 | 
[512, 128, 256, 256, 256, 256, 256, 512, 256, 1024, 256, 128, 512, 512, 512, 1024, 512, 512, 256, 128, 256, 64, 256, 256, 256, 128]
    5 | 45m14s |  356.00000 |   -0.3308 |    3.2399 |    0.4056 |    0.9307 |    0.6665 | 
[1024, 2048, 1024, 512, 1024, 1024, 1024, 512, 512, 512, 1024, 512, 1024, 512, 1024, 2048, 1024, 1024, 512, 2048, 256, 256, 1024, 512, 1024, 1024]
    6 | 100m01s |  925.00000 |    0.3822 |    3.1618 |    0.1575 |    1.9196 |   -0.3597 | 
Bayesian Optimization
-----------------------------------------------------------------------------------------
 Step |   Time |      Value |        de |        fr |        ma |        mo |        sm | 
[2048, 1024, 1024, 512, 1024, 1024, 512, 1024, 1024, 1024, 1024, 2048, 2048, 2048, 512, 1024, 512, 2048, 512, 1024, 1024, 1024, 1024, 512, 2048, 1024]
    7 | 111m29s | 1142.00000 |    0.5854 |    3.0306 |    1.0343 |    1.5120 |    0.0442 | 
[2048, 1024, 256, 2048, 512, 512, 1024, 1024, 1024, 1024, 1024, 512, 1024, 512, 512, 1024, 1024, 2048, 1024, 1024, 512, 1024, 2048, 512, 512, 2048]
    8 | 106m53s | 1033.00000 |    0.6199 |    3.0469 |    1.0219 |    1.5747 |    0.0704 | 
[1024, 1024, 2048, 1024, 512, 1024, 512, 1024, 512, 1024, 1024, 1024, 2048, 2048, 512, 512, 2048, 1024, 512, 1024, 1024, 1024, 512, 1024, 1024, 1024]
    9 | 108m27s | 1043.00000 |    0.5075 |    2.9873 |    1.0780 |    1.3660 |   -0.0481 | 
[1024, 1024, 512, 512, 1024, 1024, 1024, 1024, 2048, 512, 1024, 1024, 1024, 2048, 1024, 1024, 1024, 1024, 1024, 512, 512, 1024, 1024, 512, 2048, 1024]
   10 | 105m52s | 1024.00000 |    0.5491 |    3.0278 |    1.0289 |    1.4606 |    0.0581 | 
[1024, 1024, 256, 1024, 2048, 1024, 512, 512, 1024, 1024, 512, 1024, 256, 2048, 1024, 1024, 2048, 512, 1024, 1024, 1024, 1024, 1024, 2048, 2048, 1024]
   11 | 109m18s | 1083.00000 |    0.6098 |    3.0055 |    1.0764 |    1.5197 |   -0.0527 | 
[1024, 512, 1024, 512, 1024, 1024, 512, 512, 1024, 1024, 1024, 1024, 512, 512, 512, 1024, 1024, 512, 1024, 1024, 1024, 512, 1024, 1024, 512, 256]
   12 | 86m49s |  797.00000 |    0.5927 |    3.0250 |    1.0443 |    1.5166 |    0.0216 | 
[1024, 2048, 1024, 1024, 512, 1024, 256, 512, 2048, 256, 512, 1024, 512, 1024, 1024, 1024, 512, 1024, 512, 1024, 1024, 512, 1024, 2048, 1024, 512]
   13 | 96m59s |  925.00000 |    0.5812 |    3.0357 |    1.0261 |    1.5110 |    0.0624 | 
[1024, 1024, 1024, 512, 512, 512, 1024, 256, 2048, 1024, 1024, 1024, 2048, 1024, 1024, 512, 1024, 512, 512, 1024, 1024, 256, 512, 1024, 1024, 1024]
   14 | 101m02s |  905.00000 |    0.5835 |    3.0302 |    1.0343 |    1.5091 |    0.0442 | 
[1024, 512, 2048, 1024, 512, 512, 512, 1024, 512, 1024, 512, 512, 1024, 1024, 2048, 1024, 1024, 1024, 1024, 512, 2048, 1024, 1024, 512, 1024, 1024]
   15 | 101m31s |  964.00000 |    0.5096 |    2.9901 |    1.1142 |    1.3695 |    0.0611 | 
[1024, 2048, 512, 2048, 1024, 1024, 1024, 1024, 512, 1024, 256, 256, 256, 2048, 1024, 1024, 1024, 512, 256, 1024, 1024, 1024, 1024, 1024, 1024, 1024]
   16 | 105m16s |  964.00000 |    0.1836 |    3.0898 |    0.9689 |    1.0349 |    0.0851 | 
[1024, 1024, 1024, 1024, 1024, 1024, 1024, 1024, 512, 1024, 1024, 1024, 1024, 1024, 512, 512, 1024, 1024, 1024, 1024, 256, 1024, 1024, 512, 512, 512]
   17 | 96m14s |  876.00000 |    0.5587 |    3.0768 |    1.0799 |    1.4370 |    0.0616 | 
[512, 512, 512, 512, 256, 1024, 1024, 1024, 512, 1024, 1024, 512, 1024, 1024, 1024, 512, 1024, 2048, 1024, 1024, 1024, 1024, 1024, 512, 1024, 1024]
   18 | 94m41s |  876.00000 |    0.2203 |    3.0079 |    1.0041 |    1.0602 |    0.1022 | 
[512, 1024, 1024, 512, 1024, 512, 512, 1024, 1024, 512, 1024, 512, 1024, 1024, 512, 1024, 1024, 512, 1024, 1024, 1024, 1024, 512, 512, 512, 1024]
   19 | 94m00s |  807.00000 |    0.5075 |    2.9873 |    1.0780 |    1.3660 |   -0.0480 | 
[512, 1024, 1024, 1024, 512, 512, 512, 512, 512, 512, 256, 512, 256, 512, 512, 1024, 512, 256, 1024, 1024, 1024, 512, 1024, 1024, 1024, 256]
   20 | 72m48s |  669.00000 |    0.2207 |    2.7179 |    1.0748 |    0.6812 |   -0.6629 | 
[512, 512, 512, 1024, 512, 1024, 512, 512, 256, 1024, 512, 1024, 1024, 1024, 1024, 1024, 1024, 1024, 512, 512, 512, 512, 512, 256, 1024, 1024]
   21 | 83m27s |  728.00000 |    0.8006 |    3.6993 |    1.6762 |    1.9415 |   -0.8370 | 
[64, 128, 256, 256, 256, 256, 512, 128, 512, 256, 128, 128, 256, 256, 256, 64, 512, 128, 256, 128, 256, 128, 512, 256, 256, 128]
   22 | 33m35s |  241.00000 |   -0.8452 |    5.1984 |    0.4630 |    0.8070 |    0.1960 | 
[1024, 1024, 512, 512, 1024, 2048, 512, 1024, 1024, 1024, 1024, 1024, 1024, 1024, 512, 2048, 1024, 2048, 1024, 512, 1024, 1024, 2048, 2048, 512, 512]
   23 | 110m45s | 1083.00000 |    0.3179 |    2.8614 |    0.6196 |    1.2938 |    0.5640 | 
[512, 512, 512, 512, 512, 512, 1024, 512, 512, 512, 512, 512, 1024, 512, 1024, 1024, 1024, 512, 1024, 1024, 512, 1024, 1024, 512, 1024, 1024]
   24 | 83m27s |  728.00000 |    0.2400 |    2.7380 |    1.3770 |    1.2405 |   -0.7513 | 
[1024, 512, 512, 1024, 1024, 512, 512, 256, 1024, 512, 512, 1024, 1024, 512, 512, 512, 512, 512, 1024, 512, 1024, 512, 512, 1024, 1024, 2048]
   25 | 81m51s |  758.00000 |    0.3058 |    4.6896 |    1.6986 |    0.2204 |    0.6208 | 
[1024, 1024, 2048, 1024, 1024, 512, 2048, 1024, 1024, 1024, 1024, 1024, 1024, 1024, 512, 256, 2048, 2048, 1024, 1024, 1024, 1024, 512, 1024, 1024, 512]
   26 | 107m03s | 1073.00000 |    0.1352 |    2.6397 |    1.9918 |    0.7027 |   -0.2276 | 
[256, 256, 256, 256, 256, 512, 64, 256, 256, 128, 256, 256, 256, 512, 512, 256, 256, 256, 128, 64, 256, 256, 256, 128, 128, 32]
   27 | 31m57s |  242.00000 |   -0.7548 |    3.7940 |    1.6946 |    1.4907 |   -0.7165 | 
[1024, 512, 1024, 256, 512, 1024, 2048, 256, 512, 1024, 1024, 256, 512, 1024, 1024, 1024, 1024, 512, 1024, 1024, 512, 512, 1024, 1024, 256, 512]
   28 | 88m01s |  787.00000 |    0.5678 |    2.9721 |    0.7670 |    1.3906 |   -0.4157 | 
[256, 128, 128, 128, 128, 256, 256, 128, 256, 128, 64, 128, 64, 256, 256, 256, 128, 64, 128, 128, 256, 256, 128, 64, 256, 256]
   29 | 26m57s |  172.00000 |   -0.3029 |    3.0576 |    0.4826 |    0.0717 |   -0.3296 | 
[1024, 1024, 512, 512, 1024, 1024, 1024, 512, 1024, 1024, 256, 512, 512, 512, 2048, 512, 512, 512, 1024, 256, 256, 512, 1024, 1024, 1024, 1024]
   30 | 84m00s |  777.00000 |    0.3662 |    5.4719 |    0.2788 |    0.3528 |    0.4219 | 
[512, 512, 1024, 512, 2048, 1024, 512, 1024, 1024, 512, 1024, 1024, 1024, 512, 1024, 1024, 512, 1024, 1024, 512, 1024, 1024, 1024, 1024, 1024, 512]
   31 | 92m39s |  886.00000 |    0.4050 |    5.6398 |    1.6205 |    1.0619 |    0.6906 | 
[256, 256, 512, 128, 256, 256, 512, 256, 256, 512, 256, 512, 128, 256, 256, 256, 512, 256, 512, 128, 512, 128, 512, 256, 256, 128]
   32 | 36m53s |  310.00000 |   -0.7165 |    2.5010 |    1.6898 |    1.3390 |    0.8859 | 
[1024, 1024, 1024, 512, 1024, 256, 512, 1024, 512, 512, 1024, 512, 512, 512, 1024, 1024, 1024, 1024, 2048, 512, 512, 1024, 1024, 1024, 512, 512]
   33 | 97m11s |  817.00000 |    0.4544 |    5.4702 |    0.3499 |    1.8348 |   -0.3018 | 
[512, 1024, 1024, 1024, 1024, 512, 1024, 512, 1024, 1024, 2048, 1024, 512, 1024, 2048, 512, 512, 1024, 1024, 512, 2048, 1024, 2048, 512, 256, 1024]
   34 | 107m48s |  994.00000 |    0.1762 |    3.7187 |    0.9487 |    1.5576 |    0.5895 | 
[1024, 512, 1024, 512, 512, 1024, 512, 1024, 1024, 1024, 1024, 2048, 1024, 1024, 1024, 1024, 512, 1024, 2048, 1024, 1024, 512, 1024, 256, 1024, 512]
   35 | 92m28s |  935.00000 |    0.6468 |    5.6705 |    0.4728 |    1.2381 |    0.7704 | 
[1024, 512, 512, 512, 512, 1024, 512, 1024, 1024, 1024, 1024, 1024, 1024, 2048, 1024, 1024, 1024, 1024, 512, 1024, 1024, 2048, 512, 256, 1024, 1024]
   36 | 99m02s |  935.00000 |    0.4678 |    5.9505 |    0.9454 |    1.9485 |   -0.2365 | 
[512, 128, 128, 64, 512, 256, 128, 256, 128, 256, 64, 256, 256, 256, 256, 256, 256, 128, 128, 64, 256, 128, 256, 64, 128, 256]
   37 | 29m10s |  206.00000 |   -0.8931 |    4.6777 |    0.0165 |    0.8267 |    0.7625 | 
[1024, 1024, 1024, 512, 1024, 512, 512, 1024, 512, 512, 512, 256, 256, 1024, 1024, 1024, 512, 512, 1024, 512, 512, 1024, 512, 512, 256, 256]
   38 | 79m20s |  669.00000 |    0.2139 |    5.1666 |    0.5181 |    1.3215 |   -0.7569 | 
[512, 1024, 256, 1024, 512, 256, 256, 512, 512, 512, 512, 128, 512, 512, 256, 256, 512, 512, 256, 256, 128, 256, 256, 256, 256, 256]
   39 | 50m32s |  403.00000 |   -0.3546 |    2.4233 |    1.1572 |    1.8560 |    0.2303 | 
[512, 512, 1024, 1024, 1024, 512, 512, 512, 512, 512, 1024, 512, 512, 512, 512, 1024, 256, 256, 512, 1024, 512, 512, 1024, 1024, 1024, 512]
   40 | 74m44s |  669.00000 |    0.5599 |    2.6405 |    0.3619 |    0.7843 |   -0.7898 | 
[512, 512, 256, 1024, 256, 512, 512, 1024, 512, 512, 512, 1024, 512, 512, 512, 512, 512, 1024, 512, 512, 1024, 1024, 1024, 1024, 512, 512]
   41 | 73m33s |  649.00000 |    0.3725 |    5.2518 |    0.4464 |    0.4333 |    0.6963 | 
[128, 128, 128, 256, 64, 128, 256, 256, 64, 512, 256, 256, 128, 256, 256, 256, 128, 256, 512, 64, 256, 64, 128, 256, 256, 64]
   42 | 26m35s |  204.00000 |   -0.6020 |    3.5914 |    1.7140 |    0.0545 |   -0.3637 | 
[256, 256, 256, 512, 512, 512, 512, 256, 256, 512, 128, 128, 32, 256, 256, 128, 256, 512, 256, 64, 256, 256, 512, 64, 128, 256]
   43 | 35m19s |  281.00000 |   -0.4311 |    3.1216 |    0.2065 |    0.7081 |    0.5129 | 
[1024, 1024, 1024, 1024, 512, 2048, 1024, 1024, 1024, 2048, 256, 1024, 1024, 1024, 512, 1024, 2048, 1024, 1024, 1024, 2048, 2048, 1024, 1024, 1024, 1024]
   44 | 115m41s | 1152.00000 |    0.1255 |    5.8647 |    0.8496 |    1.5199 |    0.0945 | 
[1024, 512, 1024, 1024, 1024, 1024, 1024, 512, 512, 512, 512, 1024, 512, 512, 1024, 512, 1024, 256, 1024, 1024, 512, 1024, 1024, 512, 256, 512]
   45 | 83m42s |  748.00000 |   -0.1000 |    5.6357 |    1.0435 |    0.9255 |    0.3268 | 
[512, 512, 512, 512, 1024, 1024, 512, 256, 512, 512, 512, 512, 1024, 1024, 512, 512, 512, 512, 1024, 512, 256, 512, 512, 256, 512, 1024]
   46 | 66m24s |  600.00000 |    0.9081 |    2.7681 |    0.7795 |    0.3451 |   -0.9217 | 
[1024, 1024, 512, 512, 1024, 512, 512, 512, 512, 1024, 1024, 1024, 256, 512, 512, 1024, 512, 512, 1024, 512, 256, 1024, 512, 1024, 256, 1024]
   47 | 75m01s |  699.00000 |    0.5487 |    3.7019 |    1.9620 |    1.3122 |   -0.9759 | 
[256, 256, 64, 128, 256, 128, 256, 128, 256, 64, 128, 128, 256, 256, 128, 256, 256, 256, 128, 256, 128, 64, 128, 256, 256, 128]
   48 | 27m39s |  184.00000 |   -0.7845 |    5.2919 |    0.0722 |    1.2388 |   -0.6568 | 
[256, 128, 512, 64, 256, 256, 256, 128, 128, 128, 256, 128, 128, 256, 256, 256, 256, 512, 256, 128, 128, 128, 128, 256, 64, 256]
   49 | 29m35s |  211.00000 |   -0.5891 |    4.5689 |    1.9373 |    0.1549 |   -0.0770 | 
[1024, 1024, 1024, 1024, 512, 2048, 512, 512, 1024, 1024, 256, 1024, 1024, 512, 1024, 1024, 2048, 1024, 1024, 512, 1024, 1024, 256, 512, 1024, 1024]
   50 | 94m02s |  925.00000 |    0.7627 |    5.1809 |    0.4710 |    1.4708 |   -0.3239 | 
[512, 1024, 512, 512, 1024, 512, 1024, 1024, 512, 256, 1024, 1024, 512, 512, 1024, 512, 512, 1024, 1024, 1024, 512, 512, 1024, 1024, 1024, 1024]
   51 | 87m32s |  777.00000 |    0.6883 |    2.6114 |    1.0234 |    1.1865 |    0.5084 | 
[512, 1024, 1024, 256, 512, 512, 1024, 1024, 1024, 1024, 512, 512, 1024, 1024, 1024, 512, 512, 1024, 1024, 1024, 1024, 1024, 256, 1024, 1024, 1024]
   52 | 93m11s |  827.00000 |    0.4411 |    4.2779 |    1.9453 |    0.8523 |   -0.0817 | 
[256, 256, 128, 128, 256, 256, 512, 256, 128, 256, 256, 512, 256, 256, 512, 256, 128, 256, 256, 128, 512, 512, 256, 128, 256, 256]
   53 | 36m47s |  275.00000 |   -0.9732 |    5.3135 |    1.8638 |    1.2288 |   -0.0365 | 
[256, 1024, 1024, 512, 1024, 512, 1024, 1024, 2048, 1024, 512, 1024, 2048, 256, 512, 1024, 512, 1024, 512, 1024, 512, 1024, 1024, 512, 512, 1024]
   54 | 91m33s |  866.00000 |    0.5223 |    2.4903 |    1.0676 |    0.5362 |   -0.0749 | 
[512, 512, 512, 512, 256, 256, 1024, 512, 512, 512, 512, 1024, 256, 1024, 512, 512, 512, 512, 1024, 512, 512, 512, 512, 512, 1024, 512]
   55 | 68m23s |  580.00000 |   -0.0593 |    4.6432 |    1.4439 |    0.6480 |    0.2519 | 
[1024, 512, 1024, 1024, 512, 1024, 1024, 512, 1024, 512, 1024, 512, 256, 512, 512, 1024, 512, 1024, 1024, 512, 1024, 1024, 1024, 512, 512, 1024]
   56 | 86m41s |  777.00000 |    0.4525 |    5.1940 |    0.4706 |    0.7348 |   -0.3231 | 
[1024, 1024, 512, 512, 512, 512, 1024, 512, 1024, 1024, 1024, 1024, 1024, 1024, 1024, 512, 256, 1024, 1024, 512, 1024, 256, 1024, 1024, 1024, 1024]
   57 | 88m43s |  827.00000 |    0.8427 |    4.1321 |    1.2360 |    0.4621 |    0.3794 | 
[128, 256, 128, 256, 256, 256, 128, 128, 256, 256, 256, 512, 256, 256, 128, 256, 256, 128, 128, 512, 256, 128, 256, 256, 128, 256]
   58 | 31m51s |  231.00000 |   -0.5279 |    5.1094 |    1.4949 |    0.5407 |   -0.7872 | 
[64, 128, 64, 128, 512, 128, 256, 128, 256, 128, 256, 256, 64, 64, 64, 64, 128, 128, 128, 256, 128, 256, 256, 256, 64, 256]
   59 | 25m04s |  169.00000 |   -0.5379 |    3.9161 |    0.8764 |    0.3828 |   -0.6287 | 
[256, 256, 512, 256, 256, 256, 256, 128, 256, 512, 256, 256, 256, 512, 256, 128, 256, 512, 512, 256, 512, 256, 512, 512, 512, 512]
   60 | 40m58s |  344.00000 |   -0.4031 |    5.2862 |    1.7502 |    0.3086 |    0.7608 | 
[256, 256, 256, 256, 256, 256, 128, 512, 512, 256, 512, 256, 512, 512, 512, 128, 256, 256, 256, 256, 256, 128, 128, 128, 256, 256]
   61 | 35m29s |  290.00000 |   -0.2654 |    3.8680 |    0.9608 |    0.6073 |   -0.5651 | 
[4096, 1024, 2048, 1024, 1024, 1024, 1024, 2048, 512, 1024, 1024, 512, 2048, 512, 2048, 1024, 512, 1024, 1024, 2048, 512, 512, 1024, 2048, 1024, 1024]
   62 | 129m11s | 1260.00000 |    0.0856 |    4.8366 |    1.6500 |    1.7652 |   -0.4416 | 
[256, 256, 256, 128, 256, 128, 512, 256, 256, 128, 512, 256, 256, 128, 512, 128, 256, 128, 512, 128, 128, 512, 256, 256, 256, 128]
   63 | 36m33s |  260.00000 |   -0.4981 |    5.2413 |    0.7159 |    1.0113 |    0.1742 | 
[256, 256, 256, 256, 256, 256, 256, 256, 128, 256, 256, 256, 256, 128, 256, 256, 256, 64, 128, 256, 256, 128, 256, 128, 256, 256]
   64 | 30m36s |  224.00000 |   -0.1812 |    2.7475 |    0.4382 |    0.5215 |   -0.6919 | 
[256, 64, 128, 128, 128, 512, 256, 512, 64, 256, 256, 256, 256, 128, 256, 128, 512, 128, 256, 128, 512, 256, 512, 256, 256, 256]
   65 | 35m32s |  256.00000 |   -0.8456 |    5.5782 |    0.8107 |    1.8443 |    0.3716 | 
[512, 256, 1024, 1024, 1024, 512, 256, 128, 256, 128, 512, 512, 256, 1024, 256, 512, 512, 256, 512, 512, 512, 256, 512, 256, 256, 128]
   66 | 55m04s |  457.00000 |   -0.4595 |    5.4436 |    0.9591 |    1.9259 |    0.8920 | 
[512, 512, 256, 1024, 1024, 512, 512, 512, 256, 512, 512, 512, 512, 1024, 512, 512, 512, 512, 256, 512, 1024, 512, 256, 256, 512, 1024]
   67 | 64m22s |  561.00000 |   -0.2413 |    5.4154 |    0.6730 |    1.8228 |    0.5936 | 
[2048, 512, 1024, 1024, 1024, 1024, 512, 1024, 512, 1024, 512, 1024, 1024, 512, 1024, 512, 1024, 512, 1024, 1024, 512, 512, 512, 512, 2048, 1024]
   68 | 94m32s |  886.00000 |    0.1756 |    3.9581 |    1.7973 |    0.3394 |    0.2263 | 
[1024, 512, 1024, 1024, 512, 256, 1024, 512, 1024, 1024, 512, 1024, 1024, 512, 512, 512, 512, 1024, 512, 512, 512, 1024, 1024, 1024, 1024, 1024]
   69 | 80m40s |  777.00000 |    0.6763 |    3.6315 |    1.8174 |    1.1066 |   -0.8701 | 
[512, 512, 512, 512, 512, 256, 512, 512, 1024, 256, 512, 512, 1024, 1024, 1024, 512, 512, 256, 512, 256, 512, 1024, 512, 1024, 512, 256]
   70 | 64m41s |  580.00000 |    0.4417 |    3.9353 |    1.9984 |    0.4106 |   -0.7378 | 
[128, 512, 256, 256, 256, 128, 512, 256, 128, 512, 128, 256, 256, 256, 128, 256, 256, 256, 1024, 512, 256, 512, 512, 256, 256, 256]
   71 | 37m36s |  320.00000 |   -0.6128 |    4.5922 |    1.8180 |    1.9232 |   -0.8952 | 
[512, 1024, 1024, 512, 1024, 512, 512, 1024, 256, 1024, 1024, 1024, 512, 1024, 1024, 1024, 1024, 1024, 512, 1024, 1024, 512, 1024, 1024, 512, 1024]
   72 | 95m20s |  836.00000 |    0.3813 |    4.5209 |    1.0152 |    1.8237 |   -0.3445 | 
[256, 256, 128, 256, 256, 128, 256, 512, 256, 512, 256, 512, 256, 256, 256, 128, 128, 256, 512, 128, 256, 512, 128, 256, 256, 256]
   73 | 33m37s |  275.00000 |   -0.2467 |    2.3467 |    1.8923 |    0.6732 |   -0.7075 | 
[1024, 1024, 512, 512, 512, 512, 512, 256, 1024, 1024, 512, 1024, 512, 512, 512, 1024, 1024, 1024, 1024, 1024, 1024, 512, 512, 1024, 1024, 512]
   74 | 85m41s |  758.00000 |    0.5847 |    4.0559 |    1.9437 |    0.3798 |    0.0953 | 
[1024, 512, 1024, 1024, 1024, 512, 1024, 1024, 1024, 512, 1024, 1024, 512, 256, 512, 256, 512, 1024, 512, 512, 512, 1024, 512, 512, 512, 1024]
   75 | 81m50s |  728.00000 |   -0.1482 |    3.6804 |    1.6626 |    1.8839 |    0.4147 | 
[1024, 512, 1024, 512, 1024, 512, 512, 1024, 512, 1024, 2048, 512, 1024, 2048, 1024, 512, 1024, 1024, 512, 1024, 1024, 1024, 256, 512, 1024, 1024]
   76 | 88m59s |  896.00000 |    0.8516 |    3.1084 |    0.3673 |    1.8376 |   -0.9697 | 
[1024, 512, 512, 2048, 1024, 1024, 512, 512, 512, 256, 1024, 512, 1024, 512, 256, 1024, 256, 512, 256, 512, 256, 512, 1024, 256, 512, 1024]
   77 | 71m03s |  669.00000 |    0.8930 |    4.3901 |    0.2364 |    0.3659 |   -0.6588 | 
[1024, 512, 512, 512, 256, 512, 256, 1024, 512, 1024, 512, 256, 512, 512, 1024, 512, 512, 512, 1024, 1024, 512, 512, 512, 512, 512, 1024]
   78 | 71m54s |  620.00000 |    0.9292 |    5.7711 |    1.2811 |    1.1054 |    0.5921 | 
[256, 256, 512, 512, 256, 512, 256, 512, 256, 512, 1024, 512, 512, 512, 512, 512, 1024, 256, 512, 256, 1024, 256, 256, 512, 1024, 512]
   79 | 59m07s |  502.00000 |   -0.1927 |    2.7295 |    1.4679 |    1.4500 |    0.3504 | 
[1024, 4096, 1024, 512, 1024, 1024, 512, 512, 512, 512, 512, 512, 1024, 1024, 512, 1024, 2048, 1024, 1024, 1024, 512, 1024, 1024, 512, 512, 512]
   80 | 98m02s |  945.00000 |    0.2965 |    4.0553 |    1.5702 |    1.7359 |    0.2846 | 
[256, 128, 256, 256, 256, 256, 256, 512, 256, 512, 128, 256, 256, 512, 512, 128, 256, 512, 512, 128, 256, 512, 256, 64, 256, 128]
   81 | 37m11s |  292.00000 |   -0.5585 |    5.9317 |    0.7494 |    0.5913 |    0.7940 | 
[256, 512, 512, 512, 256, 128, 256, 256, 512, 512, 256, 128, 256, 256, 256, 512, 256, 512, 128, 512, 256, 256, 256, 512, 256, 256]
   82 | 43m16s |  329.00000 |   -0.8027 |    5.3114 |    1.6471 |    1.6815 |    0.0503 | 
[256, 1024, 1024, 1024, 1024, 2048, 512, 512, 1024, 512, 1024, 512, 512, 1024, 1024, 2048, 1024, 1024, 2048, 1024, 512, 512, 1024, 1024, 1024, 1024]
   83 | 97m28s |  974.00000 |    0.4075 |    5.7811 |    0.7966 |    1.9625 |    0.9417 | 
[512, 512, 256, 512, 512, 256, 512, 512, 512, 256, 512, 512, 512, 1024, 512, 512, 256, 256, 1024, 512, 512, 256, 512, 256, 1024, 256]
   84 | 55m59s |  492.00000 |    0.2044 |    4.8697 |    0.6517 |    0.2655 |   -0.6367 | 
[128, 512, 512, 256, 256, 512, 512, 512, 256, 512, 128, 256, 128, 128, 256, 128, 256, 256, 128, 512, 256, 256, 256, 512, 256, 256]
   85 | 38m04s |  305.00000 |   -0.2462 |    5.7985 |    1.6782 |    0.3941 |   -0.3218 | 
[512, 256, 128, 256, 256, 128, 256, 512, 512, 256, 256, 64, 128, 32, 256, 128, 256, 64, 256, 128, 256, 128, 64, 128, 512, 256]
   86 | 33m00s |  230.00000 |   -0.9675 |    4.3308 |    1.1329 |    0.8732 |    0.4068 | 
[1024, 512, 1024, 1024, 256, 512, 2048, 512, 1024, 1024, 512, 512, 1024, 1024, 1024, 512, 512, 512, 1024, 1024, 256, 1024, 1024, 512, 1024, 512]
   87 | 92m09s |  807.00000 |    0.3643 |    2.4842 |    1.8991 |    1.3634 |    0.7780 | 
[1024, 256, 1024, 1024, 512, 256, 1024, 512, 1024, 512, 512, 512, 1024, 512, 512, 512, 512, 512, 512, 256, 512, 512, 512, 512, 512, 512]
   88 | 69m35s |  600.00000 |    0.1294 |    3.5233 |    0.7136 |    0.3302 |   -0.4142 | 
[2048, 1024, 1024, 2048, 1024, 512, 1024, 512, 512, 1024, 1024, 512, 512, 1024, 1024, 1024, 2048, 512, 512, 1024, 1024, 1024, 512, 2048, 2048, 1024]
   89 | 108m54s | 1063.00000 |    0.1672 |    5.6928 |    0.3080 |    1.5736 |   -0.2078 | 
[1024, 1024, 1024, 1024, 1024, 1024, 2048, 512, 512, 256, 1024, 512, 1024, 1024, 1024, 1024, 2048, 1024, 2048, 512, 1024, 1024, 512, 1024, 512, 2048]
   90 | 105m57s | 1033.00000 |    0.4111 |    3.1606 |    1.1223 |    1.4922 |    0.7368 | 
[1024, 512, 512, 1024, 1024, 512, 256, 512, 1024, 1024, 512, 1024, 1024, 1024, 1024, 1024, 1024, 512, 1024, 1024, 1024, 1024, 1024, 256, 512, 512]
   91 | 86m33s |  807.00000 |    0.4673 |    2.3388 |    1.6456 |    1.0761 |    0.9060 | 
[1024, 1024, 256, 1024, 1024, 2048, 512, 1024, 1024, 1024, 256, 1024, 512, 2048, 1024, 512, 1024, 1024, 2048, 1024, 1024, 1024, 512, 512, 512, 1024]
   92 | 105m27s |  964.00000 |    0.0992 |    4.3581 |    0.1315 |    0.6523 |    0.1260 | 
[512, 1024, 512, 1024, 1024, 2048, 512, 512, 512, 1024, 1024, 512, 512, 256, 512, 1024, 512, 512, 512, 1024, 1024, 1024, 512, 512, 1024, 512]
   93 | 86m13s |  758.00000 |    0.5008 |    3.3419 |    1.5234 |    1.2566 |    0.1071 | 
[512, 512, 128, 256, 256, 256, 128, 128, 256, 512, 256, 512, 256, 512, 512, 512, 512, 256, 256, 256, 512, 256, 128, 512, 512, 128]
   94 | 42m46s |  339.00000 |   -0.4146 |    3.6231 |    0.9584 |    0.7633 |    0.6065 | 
[256, 256, 128, 256, 256, 512, 128, 64, 256, 128, 512, 128, 256, 128, 128, 256, 256, 128, 256, 256, 256, 256, 512, 64, 128, 256]
   95 | 31m52s |  231.00000 |   -0.5819 |    4.4230 |    0.4529 |    1.3911 |   -0.8927 | 
[512, 1024, 1024, 512, 512, 128, 256, 512, 512, 512, 512, 256, 1024, 256, 1024, 512, 512, 1024, 512, 1024, 128, 512, 128, 256, 512, 512]
   96 | 64m58s |  546.00000 |   -0.1122 |    2.5800 |    0.0377 |    1.2537 |    0.4004 | 
[256, 256, 256, 64, 512, 128, 256, 256, 128, 256, 256, 128, 256, 128, 256, 64, 256, 256, 128, 256, 128, 128, 128, 256, 256, 256]
   97 | 31m22s |  211.00000 |   -0.8738 |    2.1315 |    0.6053 |    1.9166 |   -0.1990 | 
[512, 1024, 1024, 512, 1024, 1024, 1024, 2048, 512, 512, 512, 1024, 1024, 256, 1024, 1024, 1024, 512, 1024, 1024, 512, 1024, 1024, 512, 1024, 1024]
   98 | 94m33s |  876.00000 |    0.9304 |    3.6292 |    1.5344 |    1.3338 |   -0.1165 | 
[1024, 1024, 1024, 1024, 1024, 256, 1024, 1024, 1024, 512, 1024, 512, 1024, 2048, 1024, 1024, 1024, 512, 1024, 1024, 512, 1024, 512, 1024, 512, 1024]
   99 | 98m52s |  915.00000 |    0.6587 |    2.3423 |    0.7567 |    1.1534 |   -0.0860 | 
[1024, 512, 512, 1024, 1024, 512, 1024, 1024, 1024, 1024, 1024, 1024, 1024, 1024, 1024, 512, 256, 512, 1024, 1024, 1024, 1024, 2048, 1024, 1024, 512]
  100 | 95m40s |  915.00000 |    0.4128 |    4.6155 |    0.2261 |    1.3207 |   -0.0072 | 
[512, 2048, 2048, 1024, 1024, 1024, 1024, 1024, 1024, 1024, 2048, 1024, 512, 1024, 512, 1024, 2048, 256, 2048, 1024, 512, 512, 1024, 512, 1024, 512]
  101 | 106m19s | 1053.00000 |    0.5052 |    3.0212 |    1.9215 |    1.9386 |   -0.3217 | 
[512, 256, 512, 256, 256, 512, 256, 512, 512, 128, 512, 256, 1024, 512, 256, 512, 512, 512, 512, 512, 512, 1024, 256, 256, 256, 512]
  102 | 53m01s |  448.00000 |   -0.2478 |    5.4121 |    0.9957 |    0.8384 |    0.3530 | 
[64, 128, 256, 256, 256, 512, 256, 256, 256, 256, 256, 256, 256, 256, 128, 256, 128, 128, 256, 256, 256, 256, 256, 256, 64, 256]
  103 | 29m55s |  231.00000 |   -0.7544 |    2.4355 |    1.5452 |    0.3444 |   -0.3716 | 
[256, 512, 512, 256, 256, 256, 512, 256, 512, 256, 512, 256, 512, 256, 128, 128, 512, 64, 256, 256, 512, 256, 512, 256, 256, 512]
  104 | 46m35s |  337.00000 |   -0.4287 |    5.7521 |    0.7857 |    1.9602 |   -0.2047 | 
[512, 512, 512, 256, 512, 1024, 64, 1024, 512, 512, 512, 512, 512, 512, 512, 64, 256, 512, 512, 256, 256, 512, 1024, 512, 512, 512]
  105 | 58m08s |  497.00000 |   -0.1987 |    5.5547 |    0.0684 |    1.3670 |   -0.0502 | 
[2048, 1024, 512, 2048, 512, 1024, 256, 1024, 512, 2048, 1024, 1024, 1024, 2048, 1024, 1024, 2048, 2048, 512, 1024, 1024, 512, 2048, 1024, 1024, 1024]
  106 | 120m56s | 1171.00000 |    0.0836 |    3.6915 |    1.9334 |    1.6400 |    0.2906 | 
RESULTS
{'max_val': 1260, 'max_params': {'fr': 4.8366437165908263, 'de': 0.08558343075671071, 'ma': 1.6500425375081171, 'mo': 1.7651722697418621, 'sm': -0.44156115176811106}}




patrick@arch-pc:~/Documents/AI Project 2$ python bayesian.py
Initialization
-----------------------------------------------------------------------------------------
 Step |   Time |      Value |        de |        fr |        ma |        mo |        sm | 
    1 | 40m41s | 1063.00000 |    0.2000 |    3.0000 |    1.0000 |    1.0000 |    0.1000 | 
    2 | 40m03s | 1024.00000 |    0.2967 |    4.9545 |    0.6082 |    0.1103 |    0.2800 | 
    3 | 32m04s | 1083.00000 |    0.6499 |    2.7494 |    0.7863 |    1.0312 |    0.7432 | 
    4 | 30m54s |  984.00000 |    0.1975 |    3.3590 |    1.0124 |    0.1166 |    0.6418 | 
    5 | 33m04s | 1043.00000 |    0.7257 |    4.4267 |    0.3976 |    0.8246 |    0.4869 | 
    6 | 17m31s |  925.00000 |   -0.4837 |    2.2958 |    0.8601 |    1.5675 |    0.7399 | 
Bayesian Optimization
-----------------------------------------------------------------------------------------
 Step |   Time |      Value |        de |        fr |        ma |        mo |        sm | 
    7 | 40m30s | 1122.00000 |    0.7057 |    3.1111 |    0.7302 |    1.1453 |    0.4340 | 
    8 | 39m42s | 1063.00000 |    0.7439 |    3.2164 |    0.6841 |    1.2046 |    0.3873 | 
    9 | 39m11s | 1083.00000 |    0.4913 |    3.0860 |    0.8022 |    0.9735 |    0.5192 | 
   10 | 35m49s |  945.00000 |    0.7134 |    2.9095 |    0.8097 |    1.1178 |    0.4081 | 
   11 | 42m28s | 1063.00000 |    0.6305 |    3.1486 |    0.6641 |    1.1237 |    0.6504 | 
   12 | 42m26s | 1122.00000 |    0.6562 |    3.1620 |    0.7352 |    1.0985 |    0.4447 | 
   13 | 37m47s | 1122.00000 |    0.6772 |    3.1285 |    0.7254 |    1.1349 |    0.4555 | 
   14 | 41m53s | 1122.00000 |    0.7057 |    3.1405 |    0.7341 |    1.1042 |    0.4423 | 
   15 | 36m53s | 1102.00000 |    0.5000 |    4.3930 |    0.5700 |    0.5314 |    0.4067 | 
   16 | 50m06s | 1201.00000 |    0.6836 |    3.1347 |    0.7351 |    1.1260 |    0.4280 | 
   17 | 34m16s |  984.00000 |    0.6444 |    3.1349 |    0.7653 |    1.1346 |    0.3414 | 
   18 | 40m17s | 1043.00000 |    0.6810 |    3.1408 |    0.7366 |    1.1294 |    0.4145 | 
   19 | 35m14s | 1024.00000 |    0.6777 |    3.1173 |    0.7438 |    1.1115 |    0.4381 | 
   20 | 32m52s | 1024.00000 |    0.6907 |    3.1397 |    0.7286 |    1.1272 |    0.4386 | 
   21 | 35m38s | 1043.00000 |    0.6813 |    3.1298 |    0.7367 |    1.1256 |    0.4291 | 
   22 | 36m57s | 1063.00000 |    0.6855 |    3.1401 |    0.7356 |    1.1212 |    0.4271 | 
   23 | 27m09s |  945.00000 |    0.5000 |    4.3930 |    0.5700 |    0.5314 |    0.4067 | 
   24 | 37m30s | 1004.00000 |    0.9288 |    2.3311 |    0.8372 |    1.5557 |    0.0727 | 
   25 | 12m51s |  905.00000 |   -0.7148 |    4.9904 |    1.3559 |    0.5882 |    0.6832 | 
   26 | 08m34s |  905.00000 |   -0.8609 |    4.2913 |    1.5754 |    0.0358 |   -0.8765 | 
   27 | 08m36s |  866.00000 |   -0.1416 |    3.4236 |    0.5880 |    0.1820 |   -0.6162 | 
   28 | 48m04s | 1220.00000 |    0.1763 |    4.7002 |    1.5319 |    1.4551 |   -0.0407 | 
   29 | 26m39s |  964.00000 |    0.0842 |    3.1039 |    1.8438 |    0.2868 |   -0.3088 | 
   30 | 09m31s |  984.00000 |   -0.9352 |    4.1465 |    1.4768 |    0.2502 |    0.1461 | 
   31 | 24m36s |  984.00000 |    0.9503 |    4.3285 |    1.1819 |    0.5714 |    0.7249 | 
   32 | 36m00s | 1063.00000 |   -0.0498 |    5.4861 |    0.7033 |    1.1202 |   -0.0196 | 
   33 | 32m37s | 1122.00000 |    0.1339 |    5.7135 |    1.3686 |    0.7994 |   -0.5745 | 
   34 | 38m27s | 1181.00000 |    0.2392 |    4.2956 |    0.5854 |    1.3570 |   -0.5174 | 
   35 | 16m12s |  827.00000 |   -0.4546 |    3.2827 |    0.2610 |    0.9776 |   -0.0049 | 
   36 | 51m40s | 1102.00000 |   -0.0155 |    5.8075 |    0.5705 |    0.7055 |    0.2587 | 
   37 | 12m29s |  964.00000 |   -0.7018 |    2.6119 |    0.4042 |    1.6288 |   -0.7469 | 
   38 | 13m39s |  925.00000 |   -0.7586 |    3.1687 |    0.3300 |    1.2582 |    0.4622 | 
   39 | 41m05s | 1083.00000 |    0.4786 |    3.0858 |    1.0842 |    0.6458 |    0.5155 | 
   40 | 41m39s | 1142.00000 |    0.8223 |    3.0626 |    1.6664 |    1.5202 |   -0.8685 | 
   41 | 47m15s | 1161.00000 |    0.0187 |    3.2606 |    0.0707 |    1.5263 |   -0.1567 | 
   42 | 16m32s |  964.00000 |   -0.9777 |    5.6522 |    1.1897 |    1.9562 |    0.5891 | 
   43 | 44m31s | 1142.00000 |    0.3066 |    3.2406 |    0.7606 |    1.2615 |    0.5927 | 
   44 | 08m01s |  964.00000 |   -0.2716 |    4.8682 |    1.3925 |    0.3327 |   -0.7978 | 
   45 | 25m42s |  984.00000 |    0.9772 |    5.4183 |    0.3492 |    0.1181 |    0.2679 | 
   46 | 11m40s |  886.00000 |   -0.8635 |    2.0971 |    0.6139 |    1.7390 |   -0.8186 | 
   47 | 35m40s | 1083.00000 |    0.4722 |    4.0800 |    0.0862 |    1.3840 |   -0.3064 | 
   48 | 13m04s |  905.00000 |    0.2840 |    2.3155 |    0.6812 |    0.2078 |   -0.8354 | 
   49 | 24m50s |  984.00000 |    0.7051 |    2.9630 |    1.4638 |    0.7713 |   -0.6814 | 
   50 | 34m06s | 1043.00000 |    0.3318 |    3.4911 |    0.6856 |    0.5300 |   -0.4937 | 
   51 | 09m47s |  886.00000 |   -0.9790 |    4.1693 |    1.9536 |    0.4173 |    0.9323 | 
   52 | 24m43s | 1024.00000 |    0.6340 |    2.9551 |    1.4731 |    1.3577 |   -0.9617 | 
   53 | 34m12s | 1024.00000 |   -0.0699 |    5.0270 |    1.3462 |    1.5040 |    0.2291 | 
   54 | 34m11s | 1063.00000 |   -0.0788 |    5.1130 |    1.5917 |    0.6753 |   -0.0001 | 
   55 | 37m39s | 1063.00000 |    0.2117 |    5.4231 |    0.2573 |    0.5370 |    0.7161 | 
   56 | 38m16s | 1122.00000 |    0.2511 |    3.3914 |    1.2038 |    1.0503 |   -0.5974 | 
   57 | 13m25s |  925.00000 |   -0.4341 |    4.7491 |    1.5612 |    0.3180 |    0.9440 | 
   58 | 08m48s |  886.00000 |   -0.7808 |    3.9063 |    1.8051 |    0.7731 |   -0.7896 | 
   59 | 29m20s |  984.00000 |   -0.3326 |    5.8954 |    1.6994 |    1.9504 |    0.4239 | 
   60 | 17m38s |  984.00000 |   -0.7229 |    3.0440 |    1.2437 |    1.5529 |    0.4670 | 
   61 | 40m54s | 1083.00000 |    0.1787 |    5.0417 |    0.1568 |    0.6338 |    0.6396 | 
   62 | 14m37s |  886.00000 |   -0.6803 |    5.0414 |    0.7350 |    0.9684 |    0.8663 | 
   63 | 15m56s |  984.00000 |   -0.8861 |    5.3809 |    0.2195 |    1.7355 |   -0.2123 | 
   64 | 32m16s | 1043.00000 |    0.1705 |    4.0870 |    0.0004 |    0.2547 |    0.7690 | 
   65 | 34m40s | 1063.00000 |    0.9440 |    4.5776 |    0.3090 |    1.5202 |    0.6127 | 
   66 | 10m35s |  925.00000 |   -0.9783 |    4.9848 |    1.2630 |    0.9449 |   -0.6745 | 
   67 | 17m02s |  925.00000 |    0.2081 |    5.0026 |    1.1391 |    0.2152 |   -0.6701 | 
   68 | 28m00s |  984.00000 |    0.1705 |    2.0712 |    0.2995 |    0.7085 |   -0.6499 | 
   69 | 22m27s |  945.00000 |   -0.3198 |    4.6381 |    1.5757 |    0.9512 |    0.0472 | 
   70 | 47m27s | 1181.00000 |    0.1040 |    2.9848 |    0.0776 |    0.9537 |    0.5757 | 
   71 | 16m21s |  905.00000 |   -0.2329 |    2.4501 |    0.6246 |    0.7879 |   -0.4147 | 
   72 | 40m00s | 1102.00000 |    0.0060 |    2.9613 |    1.7908 |    0.7342 |    0.0840 | 
   73 | 12m04s |  866.00000 |   -0.4931 |    5.0372 |    1.6059 |    0.0184 |    0.5588 | 
   74 | 08m40s |  886.00000 |   -0.2125 |    3.3713 |    1.0277 |    0.0033 |   -0.9536 | 
   75 | 43m10s | 1083.00000 |    0.6796 |    5.8416 |    1.1833 |    1.5810 |   -0.8754 | 
   76 | 28m07s | 1004.00000 |    0.2572 |    3.6606 |    1.0908 |    0.3273 |    0.9102 | 
   77 | 46m44s | 1102.00000 |    0.6515 |    5.3099 |    0.2504 |    1.3612 |    0.0441 | 
   78 | 14m11s |  945.00000 |   -0.2058 |    5.6819 |    1.5428 |    0.9731 |   -0.9102 | 
   79 | 18m57s |  945.00000 |   -0.3508 |    2.1245 |    1.2929 |    1.8714 |    0.1330 | 
   80 | 43m25s | 1063.00000 |    0.9224 |    2.5665 |    1.3600 |    1.4557 |    0.3021 | 
   81 | 24m45s |  984.00000 |    0.2753 |    4.5409 |    0.0970 |    0.2591 |   -0.2876 | 
   82 | 39m10s | 1161.00000 |    0.2733 |    4.8464 |    0.7628 |    1.0641 |   -0.3443 | 
   83 | 22m28s | 1004.00000 |    0.1086 |    5.8014 |    0.0669 |    0.1288 |    0.7252 | 
   84 | 13m12s |  886.00000 |   -0.3307 |    4.2244 |    1.1341 |    0.9021 |   -0.9675 | 
   85 | 17m25s |  925.00000 |   -0.4741 |    3.5836 |    0.5083 |    1.7307 |    0.9143 | 
   86 | 11m13s |  945.00000 |   -0.9549 |    5.8277 |    0.7571 |    0.7904 |    0.2367 | 
   87 | 16m03s |  964.00000 |   -0.3642 |    4.9772 |    0.9077 |    0.3371 |   -0.1395 | 
   88 | 40m55s | 1024.00000 |    0.5903 |    5.8000 |    0.2771 |    1.3534 |    0.5637 | 
   89 | 35m01s | 1102.00000 |    0.4115 |    4.1897 |    1.5052 |    0.9508 |    0.8770 | 
   90 | 33m20s |  945.00000 |    0.7875 |    5.7358 |    0.8859 |    0.5979 |   -0.9719 | 
   91 | 33m41s | 1004.00000 |    0.8212 |    5.3200 |    1.5958 |    1.3718 |   -0.7915 | 
   92 | 13m28s | 1004.00000 |   -0.7529 |    4.8872 |    1.0798 |    1.6975 |   -0.9635 | 
   93 | 37m29s | 1142.00000 |    0.4867 |    2.4563 |    1.5865 |    1.4762 |   -0.9218 | 
   94 | 36m02s |  984.00000 |   -0.0800 |    5.5057 |    0.0427 |    1.8954 |    0.2357 | 
   95 | 25m46s |  945.00000 |    0.2669 |    2.8581 |    0.1086 |    0.0610 |    0.4272 | 
   96 | 25m13s | 1004.00000 |   -0.0776 |    3.4501 |    0.7619 |    1.6971 |   -0.1949 | 
   97 | 33m08s | 1122.00000 |    0.6169 |    2.5261 |    1.7815 |    0.9391 |    0.1946 | 
   98 | 35m22s | 1063.00000 |    0.9911 |    2.9718 |    0.9388 |    1.7151 |    0.2368 | 
   99 | 18m13s |  984.00000 |    0.6389 |    2.3323 |    1.2393 |    0.0629 |   -0.5693 | 
  100 | 34m19s |  964.00000 |    0.1503 |    5.9394 |    1.6583 |    0.0472 |    0.3159 | 
  101 | 49m57s | 1161.00000 |    0.1922 |    2.4917 |    0.0238 |    1.0312 |   -0.5085 | 
  102 | 13m14s |  964.00000 |   -0.2674 |    3.1779 |    0.5538 |    0.2500 |   -0.1190 | 
  103 | 15m36s |  945.00000 |    0.0504 |    5.4925 |    1.7667 |    0.3654 |   -0.7587 | 
  104 | 42m33s | 1122.00000 |   -0.0520 |    2.4792 |    0.2996 |    0.5657 |    0.9372 | 
  105 | 12m49s |  925.00000 |   -0.4409 |    5.2011 |    1.2419 |    0.9784 |   -0.9458 | 
  106 | 22m21s |  964.00000 |   -0.2021 |    2.0256 |    1.0636 |    1.1617 |    0.9328 | 
RESULTS
{'max_val': 1220, 'max_params': {'fr': 4.70015825669911, 'de': 0.17630413746952467, 'ma': 1.5319100720619441, 'mo': 1.4551442859590211, 'sm': -0.040667540583931627}}
